GSM1187233	GSM1528687	GSM2718354	GSM1345909	GSM1345910	GSM1345912	GSM1345913	GSM2324086	GSM2324090	GSM2445270	GSM2445271	GSM2445272	GSM2445273	GSM2445274	GSM2445275	GSM1306337	GSM2310056	GSM2310057	GSM932921	GSM932922	GSM932923	GSM932924	GSM932925	GSM932926	GSM932927	GSM932929	GSM932930	GSM932931	GSM1923657	GSM1692996	GSM1693007	GSM1047933	GSM1047938	GSM1047940	GSM1047950	GSM1587027	GSM2066252	GSM2066253	GSM1410409	GSM1033096	GSM1631251	GSM2718360	GSM2718363	GSM2718381	GSM1693784	GSM1693786	GSM1693787	GSM1910644	GSM1910645	GSM1910647	GSM2257273	GSM2341310	GSM2341311	GSM2341314	GSM2417142	GSM2438471	GSM2438472	GSM1910640	GSM1910641	GSM1910642	GSM1910643	GSM2341316	GSM2341317	GSM2385224	GSM2385225	GSM2417143	GSM2438474	GSM2438475	GSM1708673	GSM1059012	GSM1059024	GSM1059033	GSM1082340	GSM1355154	GSM1355155	GSM1355180	GSM1355182	GSM1436067	GSM1050291	GSM1050301	GSM1050304	GSM1082341	GSM1308179	GSM1308181	GSM1308182	GSM1924753	GSM1924747	GSM1924752	GSM1924746	GSM1924751	GSM1146465	GSM1146467	GSM1680578	GSM1059847	GSM1059848	GSM1059849	GSM1490131	GSM1635069	GSM1314836	GSM427090	GSM427089	GSM2640376	GSM1314840	GSM1648617	GSM1648618	GSM1648619	GSM1648620	GSM1648621	GSM1648622	GSM1648625	GSM1648626	GSM1648627	GSM1648628	GSM1648629	GSM2718347	GSM2718348	GSM2718349	GSM2718350	GSM2718376	GSM2718377	GSM2718378	GSM1624626	GSM1624628	GSM2718353	GSM615619	GSM2718355	GSM2718356	GSM2718382	GSM1631254	GSM1648631	GSM1648632	GSM2417134	GSM2417138	GSM2417135	GSM2417139	GSM1059858	GSM1059859	GSM1059860	GSM1059861	GSM1059862	GSM1059863	GSM1059864	GSM1842742	GSM1842743	GSM1059854	GSM1059850	GSM1059851	GSM1059852	GSM1059853	GSM1842763	GSM1842767	GSM1635072	GSM2640379	GSM1384738	GSM1384739	GSM1059358	GSM1059359	GSM1059362	GSM1059363	GSM2062273	GSM2062274	GSM2255577	GSM2417130	GSM2417149	GSM2417150	GSM2417156	GSM2417160	GSM2417163	GSM2417190	GSM2417193	GSM2417131	GSM2417153	GSM2417154	GSM2417158	GSM2417161	GSM2417164	GSM1713774	GSM1713775	GSM1888973	GSM2640410	GSM2640411	GSM2640412	GSM2640413	GSM2640377	GSM1528107	GSM1528108	GSM2394785	GSM1175114	GSM1050289	GSM1376841	GSM1376843	GSM1050288	GSM818936	GSM818937	GSM818938	GSM1012189	GSM2711172	GSM1711445	GSM2188906	GSM1150333	GSM1150335	GSM2640381	GSM2255553	GSM2255554	GSM2255576	GSM1213461	GSM2718351	GSM2718357	GSM1355167	GSM1355168	GSM1062366	GSM2640378	GSM1480611	GSM998924	GSM999180	GSM999182	GSM1611108	GSM2387500	GSM2387501	GSM2387502	GSM2387503	GSM2387504	GSM2387505	GSM1246725	GSM307137	GSM307138	GSM307139	GSM2341284	GSM2341285	GSM1246722	GSM2341290	GSM2341292	GSM2341295	GSM703186
GSM1187233	33243.0	3123.0	1865.0	1568.0	5095.0	1282.0	561.0	5857.0	1057.0	564.0	747.0	2384.0	2558.0	1700.0	2111.0	7696.0	5785.0	5390.0	1417.0	526.0	1370.0	1471.0	2925.0	2512.0	2486.0	1241.0	636.0	1404.0	553.0	7107.0	6787.0	3151.0	4210.0	1590.0	3350.0	1501.0	1227.0	489.0	1570.0	1806.0	1098.0	2189.0	552.0	1538.0	2337.0	2399.0	1163.0	525.0	1202.0	1783.0	1919.0	581.0	1324.0	699.0	6086.0	709.0	756.0	995.0	619.0	1104.0	528.0	444.0	475.0	1259.0	260.0	6104.0	331.0	430.0	1816.0	2365.0	2337.0	4027.0	4560.0	6807.0	6421.0	3927.0	3538.0	398.0	1030.0	1439.0	687.0	853.0	2312.0	1984.0	2092.0	12199.0	9829.0	14326.0	1781.0	2387.0	1360.0	3107.0	1213.0	5903.0	6492.0	829.0	1402.0	947.0	528.0	1416.0	2000.0	2581.0	815.0	11511.0	9113.0	11784.0	11304.0	8804.0	7393.0	8817.0	9049.0	7724.0	8727.0	10009.0	1390.0	1427.0	996.0	1870.0	4921.0	4693.0	4782.0	2281.0	3003.0	1529.0	2303.0	1546.0	1273.0	3213.0	407.0	5544.0	1426.0	3984.0	4623.0	1762.0	4623.0	6283.0	1508.0	5878.0	4798.0	6641.0	3498.0	3486.0	713.0	883.0	798.0	1142.0	1086.0	1723.0	4037.0	3465.0	318.0	384.0	3637.0	2502.0	732.0	929.0	1141.0	1253.0	452.0	9446.0	8165.0	3766.0	8355.0	8876.0	7696.0	10756.0	11024.0	7190.0	6517.0	5908.0	9176.0	4296.0	2481.0	3558.0	6345.0	4696.0	1773.0	2939.0	1072.0	1109.0	1591.0	2039.0	1290.0	1862.0	5970.0	3902.0	3227.0	649.0	1101.0	1577.0	632.0	3602.0	547.0	288.0	1141.0	3724.0	7094.0	2082.0	521.0	7174.0	6887.0	1692.0	2722.0	4406.0	1772.0	1563.0	634.0	865.0	4722.0	6151.0	2991.0	3082.0	2194.0	1266.0	806.0	1027.0	4655.0	5152.0	2110.0	2702.0	4442.0	1094.0	970.0	855.0	2373.0	978.0	1053.0	543.0	385.0	908.0	987.0	379.0	1161.0	271.0
GSM1528687	3123.0	50261.0	2589.0	1414.0	5359.0	1166.0	1163.0	8510.0	1687.0	984.0	1483.0	4609.0	4885.0	2965.0	3011.0	13005.0	7249.0	6597.0	2186.0	807.0	2155.0	2065.0	2961.0	2471.0	2448.0	1183.0	779.0	1871.0	711.0	11634.0	9825.0	3140.0	4814.0	1548.0	4348.0	1157.0	1449.0	423.0	2658.0	1592.0	1096.0	3550.0	851.0	2202.0	1716.0	1665.0	1126.0	571.0	1081.0	1657.0	1314.0	608.0	1192.0	555.0	6578.0	578.0	555.0	1579.0	869.0	1680.0	723.0	583.0	551.0	1486.0	277.0	8411.0	455.0	467.0	1117.0	2458.0	2093.0	3894.0	4940.0	7918.0	7592.0	4001.0	4925.0	416.0	1580.0	1166.0	834.0	1302.0	3102.0	2618.0	2129.0	3346.0	2696.0	5013.0	3267.0	4426.0	3373.0	6277.0	785.0	5488.0	6058.0	863.0	14246.0	857.0	609.0	2123.0	5059.0	9650.0	647.0	12524.0	9825.0	12125.0	10944.0	9295.0	8107.0	9050.0	9238.0	6755.0	7863.0	8695.0	1424.0	1397.0	898.0	1764.0	4971.0	4423.0	4620.0	4168.0	5595.0	2170.0	3823.0	2053.0	1646.0	4381.0	491.0	5427.0	1905.0	3316.0	4756.0	2175.0	6766.0	6345.0	1252.0	5562.0	3980.0	6594.0	3171.0	2946.0	811.0	1130.0	978.0	1761.0	1463.0	2441.0	4488.0	4125.0	468.0	391.0	11270.0	7941.0	2806.0	3320.0	4609.0	4676.0	1792.0	19628.0	15484.0	4050.0	10404.0	6836.0	4023.0	12051.0	13066.0	7923.0	9547.0	9127.0	12940.0	6187.0	3917.0	6032.0	7425.0	7020.0	1441.0	2505.0	1028.0	5199.0	6880.0	8363.0	5546.0	7120.0	5602.0	4693.0	2411.0	1647.0	1269.0	1415.0	632.0	3500.0	937.0	407.0	1544.0	6062.0	10138.0	2234.0	1272.0	8665.0	7610.0	6256.0	2713.0	5043.0	1503.0	1127.0	627.0	1367.0	6089.0	7004.0	7541.0	11431.0	2057.0	1376.0	1306.0	1254.0	6104.0	6715.0	2878.0	3673.0	5199.0	1571.0	1258.0	1735.0	2700.0	1553.0	1691.0	580.0	406.0	1921.0	1291.0	491.0	1707.0	353.0
GSM2718354	1865.0	2589.0	17154.0	1031.0	3389.0	814.0	521.0	4382.0	907.0	505.0	632.0	2076.0	2200.0	1561.0	1782.0	5205.0	4326.0	3835.0	1223.0	457.0	1198.0	1217.0	2282.0	1936.0	1929.0	979.0	588.0	1372.0	2209.0	4977.0	4892.0	4551.0	4501.0	2942.0	3942.0	2254.0	3614.0	1518.0	1219.0	3303.0	5615.0	12900.0	4322.0	8979.0	1894.0	1846.0	3068.0	2065.0	2795.0	3923.0	2315.0	2609.0	3562.0	1762.0	9958.0	1997.0	2215.0	4467.0	3059.0	4755.0	2558.0	2154.0	1976.0	4146.0	1613.0	11954.0	2045.0	1972.0	861.0	4494.0	3785.0	6073.0	7987.0	9680.0	10009.0	6491.0	4120.0	1715.0	4429.0	2942.0	2573.0	4340.0	6493.0	2029.0	3745.0	1230.0	1760.0	2361.0	4030.0	5522.0	1289.0	2665.0	496.0	7484.0	7405.0	755.0	1117.0	961.0	522.0	1240.0	1774.0	2770.0	669.0	15500.0	14155.0	16818.0	17294.0	16344.0	15636.0	12742.0	13549.0	12262.0	14366.0	15374.0	7665.0	7889.0	5450.0	9177.0	15532.0	14007.0	14801.0	10391.0	11302.0	11029.0	1395.0	11784.0	9731.0	15609.0	2117.0	9284.0	5355.0	7734.0	10172.0	6548.0	13333.0	10595.0	2922.0	7957.0	6037.0	9869.0	6107.0	5187.0	2616.0	3393.0	3237.0	4857.0	4379.0	4598.0	6569.0	7997.0	1851.0	340.0	3703.0	2204.0	652.0	864.0	1122.0	1354.0	416.0	8519.0	7588.0	2831.0	14331.0	4227.0	3668.0	7529.0	9814.0	9100.0	13841.0	13628.0	14982.0	5436.0	4143.0	6576.0	7274.0	9587.0	1291.0	2217.0	1133.0	1213.0	1783.0	2252.0	1382.0	2013.0	5270.0	5094.0	2090.0	880.0	1901.0	3053.0	1668.0	4015.0	1677.0	1094.0	3069.0	2812.0	6884.0	2806.0	506.0	5127.0	4878.0	1814.0	1936.0	3293.0	1343.0	1288.0	2666.0	4695.0	7329.0	8049.0	4431.0	3248.0	1539.0	1010.0	765.0	809.0	3651.0	4048.0	1672.0	2239.0	3402.0	957.0	791.0	2537.0	5520.0	4594.0	4719.0	2405.0	1852.0	2449.0	3509.0	1930.0	2577.0	1480.0
GSM1345909	1568.0	1414.0	1031.0	5960.0	7343.0	3230.0	1875.0	4249.0	993.0	300.0	303.0	1100.0	1219.0	909.0	1550.0	4796.0	5355.0	5445.0	1779.0	765.0	1747.0	1798.0	4014.0	3519.0	3546.0	1885.0	860.0	1926.0	312.0	4955.0	5466.0	2887.0	3219.0	1169.0	2277.0	1629.0	568.0	192.0	429.0	1764.0	343.0	814.0	153.0	860.0	3166.0	3167.0	943.0	294.0	936.0	1307.0	2286.0	258.0	1031.0	439.0	3753.0	386.0	318.0	570.0	355.0	615.0	358.0	285.0	373.0	829.0	103.0	4178.0	169.0	221.0	769.0	2347.0	2426.0	3875.0	3662.0	5558.0	5019.0	3877.0	3367.0	149.0	623.0	1249.0	355.0	429.0	1746.0	1455.0	1955.0	244.0	173.0	246.0	358.0	702.0	1377.0	3122.0	707.0	5151.0	5659.0	994.0	913.0	583.0	571.0	1889.0	1850.0	1645.0	1246.0	5769.0	5108.0	5800.0	5669.0	5433.0	4932.0	4659.0	5075.0	4638.0	4894.0	5503.0	467.0	708.0	420.0	968.0	3872.0	3725.0	3395.0	959.0	1167.0	686.0	565.0	775.0	627.0	1980.0	180.0	4729.0	746.0	2072.0	1107.0	992.0	2031.0	5364.0	1636.0	5257.0	4756.0	5630.0	3335.0	3270.0	353.0	437.0	519.0	662.0	623.0	1384.0	4057.0	2999.0	151.0	185.0	2719.0	1728.0	539.0	656.0	580.0	901.0	247.0	7135.0	7135.0	5122.0	4298.0	3369.0	5509.0	5202.0	4574.0	3499.0	1934.0	2400.0	4843.0	2664.0	1409.0	1829.0	4457.0	2355.0	1956.0	3325.0	690.0	705.0	1067.0	1369.0	861.0	1223.0	5168.0	3052.0	3672.0	534.0	838.0	1518.0	405.0	3286.0	318.0	145.0	743.0	1944.0	4558.0	1361.0	327.0	6128.0	6309.0	1303.0	4135.0	5401.0	2805.0	2436.0	301.0	459.0	3081.0	4918.0	1774.0	1791.0	4028.0	2648.0	2189.0	2637.0	5977.0	6800.0	4307.0	5276.0	6486.0	2637.0	2313.0	614.0	1784.0	483.0	592.0	216.0	164.0	657.0	784.0	250.0	1043.0	151.0
GSM1345910	5095.0	5359.0	3389.0	7343.0	67071.0	5014.0	3787.0	14519.0	2763.0	1059.0	1511.0	4534.0	4903.0	3427.0	4848.0	16433.0	18923.0	18459.0	5885.0	2259.0	5774.0	5859.0	10660.0	9072.0	9058.0	4496.0	2311.0	5558.0	958.0	16494.0	17710.0	8531.0	11988.0	3488.0	9056.0	3831.0	1952.0	547.0	3475.0	4451.0	1202.0	3158.0	556.0	2768.0	7576.0	7591.0	2345.0	893.0	2302.0	3578.0	5512.0	892.0	2755.0	1182.0	12623.0	978.0	892.0	2127.0	1224.0	2397.0	1117.0	875.0	1035.0	3163.0	386.0	14743.0	553.0	608.0	2222.0	6236.0	6289.0	11019.0	11482.0	19630.0	17517.0	11105.0	10229.0	459.0	2174.0	2981.0	1160.0	1776.0	5758.0	5670.0	5588.0	1811.0	2264.0	3835.0	2179.0	3408.0	3494.0	8552.0	3263.0	15976.0	18309.0	2218.0	2791.0	1474.0	1360.0	4522.0	5445.0	5690.0	2775.0	19452.0	16676.0	21749.0	20558.0	18708.0	16180.0	14343.0	16253.0	14087.0	15870.0	18976.0	1700.0	2145.0	1301.0	2874.0	11465.0	10658.0	10159.0	3294.0	4078.0	2486.0	2988.0	2602.0	2098.0	6317.0	579.0	14121.0	2742.0	5904.0	4540.0	2894.0	7429.0	17162.0	3805.0	16391.0	13579.0	18447.0	9211.0	8865.0	1149.0	1485.0	1595.0	2379.0	2216.0	4321.0	11506.0	9043.0	488.0	526.0	8512.0	6119.0	1831.0	2011.0	2328.0	2846.0	830.0	25099.0	23056.0	15136.0	13124.0	9491.0	16300.0	16912.0	14516.0	9696.0	7434.0	8292.0	15304.0	7329.0	4081.0	5564.0	12837.0	6998.0	4348.0	7976.0	1918.0	2150.0	3342.0	4466.0	2603.0	4006.0	16370.0	8847.0	8991.0	1319.0	2274.0	3808.0	1099.0	8870.0	992.0	417.0	2400.0	6095.0	17397.0	3889.0	844.0	20850.0	20264.0	4060.0	11029.0	17106.0	6552.0	5172.0	1019.0	1846.0	10436.0	16514.0	5393.0	6491.0	8635.0	5171.0	4563.0	4962.0	18374.0	22266.0	9803.0	12675.0	19218.0	5284.0	4340.0	2086.0	5198.0	2094.0	2292.0	780.0	539.0	2157.0	2382.0	756.0	3069.0	430.0
GSM1345912	1282.0	1166.0	814.0	3230.0	5014.0	4255.0	1531.0	3151.0	850.0	287.0	308.0	867.0	946.0	765.0	1288.0	3661.0	3831.0	3902.0	1371.0	592.0	1366.0	1360.0	3080.0	2716.0	2737.0	1452.0	694.0	1518.0	296.0	3720.0	4039.0	2253.0	2516.0	985.0	1738.0	1308.0	542.0	219.0	336.0	1394.0	317.0	607.0	138.0	633.0	2391.0	2400.0	865.0	291.0	836.0	1137.0	1849.0	236.0	853.0	407.0	3058.0	416.0	318.0	496.0	313.0	534.0	314.0	253.0	344.0	754.0	136.0	3407.0	178.0	248.0	666.0	1886.0	1937.0	3002.0	2808.0	4145.0	3872.0	2948.0	2574.0	175.0	554.0	1083.0	374.0	404.0	1435.0	1111.0	1498.0	235.0	194.0	218.0	325.0	603.0	1138.0	2595.0	586.0	3822.0	4198.0	868.0	761.0	523.0	514.0	1490.0	1484.0	1338.0	1005.0	4304.0	3884.0	4232.0	4195.0	3995.0	3768.0	3566.0	3819.0	3548.0	3719.0	4064.0	365.0	574.0	342.0	745.0	2886.0	2763.0	2515.0	827.0	994.0	553.0	520.0	618.0	528.0	1476.0	186.0	3610.0	722.0	1788.0	930.0	945.0	1630.0	4026.0	1345.0	4008.0	3599.0	4209.0	2640.0	2672.0	382.0	419.0	503.0	609.0	597.0	1163.0	3191.0	2424.0	165.0	173.0	2182.0	1441.0	453.0	604.0	541.0	789.0	275.0	5137.0	5225.0	3669.0	3273.0	2758.0	4072.0	3863.0	3447.0	2747.0	1493.0	1894.0	3759.0	2252.0	1318.0	1537.0	3351.0	1919.0	1611.0	2609.0	660.0	606.0	895.0	1122.0	734.0	990.0	3880.0	2478.0	2879.0	463.0	704.0	1209.0	429.0	2564.0	270.0	138.0	646.0	1507.0	3283.0	1102.0	324.0	4440.0	4512.0	1061.0	3001.0	3862.0	2125.0	2013.0	289.0	387.0	2423.0	3688.0	1414.0	1453.0	3157.0	2038.0	1686.0	2201.0	4227.0	4750.0	3421.0	3992.0	4596.0	2128.0	1926.0	516.0	1475.0	423.0	483.0	215.0	172.0	545.0	638.0	238.0	861.0	165.0
GSM1345913	561.0	1163.0	521.0	1875.0	3787.0	1531.0	4440.0	1439.0	477.0	251.0	341.0	686.0	730.0	550.0	732.0	1815.0	2244.0	2445.0	1624.0	758.0	1625.0	1419.0	1900.0	1652.0	1659.0	914.0	648.0	1422.0	266.0	1739.0	1711.0	853.0	992.0	487.0	809.0	438.0	381.0	195.0	346.0	559.0	294.0	498.0	169.0	378.0	630.0	633.0	412.0	193.0	412.0	519.0	579.0	157.0	326.0	207.0	1375.0	290.0	247.0	393.0	254.0	385.0	216.0	179.0	195.0	373.0	120.0	1653.0	179.0	247.0	337.0	714.0	662.0	995.0	1145.0	1649.0	1578.0	963.0	943.0	197.0	419.0	431.0	298.0	326.0	756.0	527.0	586.0	198.0	223.0	290.0	363.0	574.0	651.0	1143.0	298.0	1276.0	1361.0	320.0	631.0	310.0	246.0	515.0	820.0	1253.0	318.0	1774.0	1584.0	1797.0	1743.0	1686.0	1553.0	1387.0	1498.0	1288.0	1410.0	1665.0	250.0	324.0	200.0	362.0	1074.0	962.0	949.0	681.0	826.0	407.0	491.0	404.0	363.0	791.0	193.0	1277.0	478.0	808.0	737.0	610.0	1192.0	1429.0	464.0	1346.0	1119.0	1516.0	907.0	862.0	290.0	319.0	289.0	469.0	420.0	637.0	1168.0	1040.0	189.0	162.0	1498.0	1097.0	368.0	514.0	576.0	677.0	269.0	3173.0	2910.0	2390.0	1413.0	1143.0	1189.0	1681.0	1499.0	1192.0	1026.0	1040.0	1655.0	1059.0	830.0	920.0	1234.0	1063.0	573.0	807.0	394.0	603.0	812.0	988.0	692.0	948.0	1264.0	1002.0	841.0	328.0	351.0	500.0	280.0	884.0	211.0	116.0	343.0	818.0	1521.0	486.0	262.0	1575.0	1494.0	944.0	1822.0	2600.0	941.0	677.0	199.0	326.0	1238.0	1464.0	902.0	1326.0	1785.0	1140.0	2474.0	2548.0	3241.0	4693.0	3758.0	4158.0	4242.0	2431.0	1997.0	436.0	662.0	379.0	406.0	180.0	146.0	478.0	327.0	163.0	410.0	175.0
GSM2324086	5857.0	8510.0	4382.0	4249.0	14519.0	3151.0	1439.0	68098.0	10691.0	7130.0	6959.0	30668.0	32319.0	23038.0	23224.0	35163.0	20979.0	19196.0	4777.0	1678.0	4650.0	5023.0	8692.0	7248.0	7284.0	3449.0	1736.0	4432.0	1200.0	23725.0	22675.0	8688.0	12041.0	3581.0	9462.0	3500.0	2656.0	641.0	4026.0	4711.0	1684.0	4298.0	877.0	3299.0	6902.0	6919.0	2346.0	946.0	2355.0	3909.0	4823.0	1103.0	2916.0	1155.0	16705.0	912.0	862.0	2742.0	1458.0	3075.0	1320.0	1079.0	1156.0	3204.0	416.0	20999.0	619.0	616.0	2523.0	6453.0	6143.0	11492.0	13137.0	22665.0	20443.0	11946.0	11339.0	607.0	2939.0	3115.0	1335.0	2118.0	6879.0	6104.0	6230.0	3515.0	3103.0	5420.0	3251.0	4843.0	6019.0	12567.0	2361.0	16333.0	17979.0	2008.0	3712.0	2266.0	1472.0	5148.0	8307.0	10463.0	2442.0	23431.0	21359.0	29631.0	26923.0	24402.0	19559.0	16627.0	20980.0	15901.0	18120.0	22818.0	2294.0	2713.0	1726.0	3650.0	12586.0	11825.0	11504.0	4564.0	5931.0	3172.0	8934.0	3486.0	2788.0	7644.0	641.0	15531.0	3143.0	7405.0	6504.0	4318.0	10315.0	18155.0	3396.0	16048.0	12849.0	19223.0	9009.0	8417.0	1270.0	1805.0	1743.0	3052.0	2565.0	4994.0	12166.0	10286.0	568.0	907.0	14123.0	11123.0	3716.0	3382.0	4517.0	5415.0	2021.0	30609.0	26304.0	12180.0	17223.0	11141.0	14456.0	21737.0	18548.0	11507.0	10615.0	10574.0	22844.0	8962.0	5009.0	7352.0	14828.0	9210.0	4074.0	7584.0	2153.0	4297.0	6140.0	7992.0	4910.0	7437.0	19093.0	12740.0	8097.0	2155.0	3488.0	3830.0	1206.0	11375.0	1803.0	671.0	3269.0	9598.0	26562.0	6142.0	1766.0	26894.0	24972.0	6746.0	8466.0	14528.0	5384.0	4146.0	1109.0	2354.0	14476.0	20224.0	7987.0	12320.0	6075.0	3734.0	2009.0	2293.0	15708.0	17815.0	6092.0	8406.0	14749.0	3155.0	2640.0	2271.0	6128.0	2935.0	3148.0	893.0	617.0	2492.0	2682.0	874.0	3371.0	454.0
GSM2324090	1057.0	1687.0	907.0	993.0	2763.0	850.0	477.0	10691.0	13256.0	3248.0	2914.0	7681.0	7842.0	6923.0	6545.0	7225.0	3301.0	2788.0	1141.0	473.0	1109.0	1146.0	1547.0	1306.0	1314.0	661.0	405.0	854.0	341.0	3886.0	3793.0	1593.0	2128.0	821.0	1706.0	785.0	585.0	260.0	819.0	963.0	521.0	820.0	244.0	631.0	1122.0	1113.0	701.0	287.0	661.0	868.0	845.0	313.0	670.0	343.0	2664.0	377.0	305.0	661.0	398.0	691.0	320.0	342.0	351.0	870.0	269.0	3073.0	237.0	297.0	502.0	1318.0	1253.0	1939.0	2197.0	3453.0	3247.0	1937.0	2080.0	265.0	631.0	740.0	402.0	610.0	1412.0	1086.0	957.0	492.0	557.0	804.0	651.0	827.0	2028.0	3877.0	575.0	2766.0	3157.0	590.0	845.0	498.0	504.0	1403.0	2372.0	2966.0	555.0	3231.0	2817.0	3682.0	3645.0	3433.0	3171.0	2377.0	2623.0	2311.0	2830.0	3465.0	549.0	620.0	375.0	781.0	2262.0	2157.0	2128.0	996.0	1227.0	650.0	1506.0	685.0	628.0	1493.0	233.0	2507.0	902.0	1396.0	1529.0	906.0	2289.0	2962.0	851.0	2779.0	2211.0	3181.0	1829.0	1740.0	351.0	441.0	545.0	681.0	682.0	1018.0	2154.0	1811.0	212.0	264.0	3502.0	3143.0	1336.0	1191.0	1462.0	1964.0	848.0	6626.0	5685.0	2192.0	3096.0	2095.0	2261.0	3522.0	2996.0	2154.0	2283.0	2335.0	3433.0	1841.0	1247.0	1547.0	2420.0	1765.0	918.0	1433.0	635.0	1303.0	1738.0	2056.0	1431.0	2180.0	3970.0	2862.0	1445.0	641.0	950.0	849.0	466.0	2359.0	584.0	200.0	746.0	2029.0	4416.0	1898.0	590.0	6000.0	5552.0	1862.0	1720.0	2623.0	1078.0	1062.0	319.0	575.0	2182.0	2897.0	1839.0	3287.0	1260.0	797.0	603.0	757.0	2408.0	2669.0	1358.0	1615.0	2237.0	775.0	708.0	575.0	1199.0	618.0	665.0	316.0	269.0	646.0	680.0	295.0	814.0	200.0
GSM2445270	564.0	984.0	505.0	300.0	1059.0	287.0	251.0	7130.0	3248.0	7204.0	4565.0	7507.0	7503.0	7590.0	6592.0	4935.0	1572.0	1306.0	651.0	298.0	650.0	570.0	739.0	644.0	616.0	361.0	267.0	549.0	242.0	1929.0	1792.0	628.0	876.0	355.0	800.0	285.0	294.0	158.0	448.0	434.0	369.0	531.0	165.0	349.0	354.0	334.0	259.0	169.0	266.0	404.0	336.0	191.0	312.0	181.0	1225.0	217.0	184.0	389.0	225.0	397.0	209.0	188.0	185.0	325.0	116.0	1481.0	164.0	202.0	267.0	542.0	463.0	777.0	1015.0	1520.0	1486.0	805.0	936.0	177.0	379.0	333.0	278.0	378.0	644.0	479.0	384.0	425.0	427.0	655.0	409.0	533.0	1087.0	1725.0	288.0	1078.0	1160.0	215.0	493.0	372.0	220.0	606.0	1193.0	1805.0	213.0	1571.0	1389.0	1881.0	1824.0	1658.0	1446.0	1151.0	1302.0	1065.0	1356.0	1609.0	290.0	357.0	230.0	398.0	990.0	941.0	973.0	633.0	751.0	403.0	1720.0	420.0	376.0	789.0	174.0	1071.0	480.0	656.0	906.0	468.0	1201.0	1217.0	311.0	1037.0	759.0	1303.0	683.0	640.0	246.0	327.0	259.0	391.0	354.0	461.0	829.0	869.0	178.0	230.0	2084.0	1743.0	740.0	715.0	911.0	1116.0	558.0	3130.0	2513.0	881.0	1560.0	993.0	812.0	1749.0	1586.0	1044.0	1326.0	1231.0	1754.0	901.0	619.0	822.0	1107.0	943.0	357.0	558.0	330.0	901.0	1141.0	1348.0	969.0	1359.0	1663.0	1463.0	549.0	342.0	476.0	377.0	241.0	1012.0	371.0	163.0	444.0	1254.0	2173.0	922.0	449.0	2705.0	2290.0	1127.0	661.0	1091.0	440.0	344.0	166.0	332.0	1170.0	1382.0	1072.0	2038.0	431.0	260.0	264.0	309.0	987.0	1109.0	532.0	624.0	876.0	304.0	257.0	313.0	560.0	426.0	419.0	187.0	149.0	372.0	294.0	174.0	368.0	165.0
GSM2445271	747.0	1483.0	632.0	303.0	1511.0	308.0	341.0	6959.0	2914.0	4565.0	20082.0	6938.0	6951.0	6376.0	5595.0	5506.0	2057.0	1835.0	751.0	363.0	726.0	693.0	775.0	674.0	649.0	383.0	295.0	567.0	357.0	2263.0	1991.0	1012.0	1561.0	542.0	1453.0	400.0	536.0	245.0	997.0	525.0	486.0	731.0	236.0	459.0	377.0	347.0	407.0	306.0	448.0	653.0	362.0	285.0	437.0	228.0	1896.0	332.0	280.0	647.0	396.0	693.0	384.0	260.0	240.0	541.0	171.0	2318.0	256.0	298.0	423.0	824.0	680.0	1126.0	1515.0	2150.0	2130.0	1121.0	1417.0	295.0	599.0	409.0	379.0	626.0	963.0	954.0	568.0	1060.0	819.0	1534.0	998.0	1272.0	1045.0	1776.0	467.0	1455.0	1605.0	257.0	647.0	427.0	424.0	601.0	1327.0	2015.0	404.0	2491.0	2167.0	3059.0	2812.0	2311.0	1887.0	1775.0	2026.0	1678.0	2030.0	2168.0	428.0	422.0	293.0	527.0	1267.0	1153.0	1264.0	827.0	1011.0	530.0	1951.0	533.0	477.0	1011.0	310.0	1421.0	726.0	860.0	1258.0	670.0	1625.0	1799.0	396.0	1386.0	962.0	1844.0	981.0	886.0	365.0	487.0	434.0	600.0	535.0	661.0	1125.0	1164.0	280.0	275.0	2421.0	2151.0	846.0	732.0	941.0	1137.0	598.0	3882.0	3019.0	1055.0	2026.0	1180.0	857.0	2112.0	2022.0	1295.0	1711.0	1639.0	2284.0	1022.0	810.0	994.0	1200.0	1138.0	455.0	650.0	347.0	959.0	1188.0	1489.0	1024.0	1506.0	1646.0	1429.0	529.0	371.0	514.0	458.0	306.0	1036.0	487.0	249.0	591.0	1554.0	2644.0	944.0	480.0	2802.0	2365.0	1235.0	768.0	1350.0	455.0	323.0	299.0	564.0	1771.0	2006.0	1160.0	2387.0	409.0	276.0	334.0	356.0	1159.0	1376.0	574.0	709.0	1020.0	360.0	299.0	456.0	880.0	621.0	634.0	264.0	222.0	510.0	413.0	234.0	467.0	239.0
GSM2445272	2384.0	4609.0	2076.0	1100.0	4534.0	867.0	686.0	30668.0	7681.0	7507.0	6938.0	35212.0	31676.0	22564.0	17439.0	19441.0	7087.0	6162.0	2222.0	870.0	2155.0	2183.0	2798.0	2349.0	2341.0	1220.0	782.0	1805.0	623.0	9096.0	7959.0	2826.0	4115.0	1340.0	3513.0	1033.0	1189.0	336.0	1952.0	1618.0	1017.0	2222.0	530.0	1468.0	1525.0	1515.0	886.0	468.0	935.0	1476.0	1145.0	549.0	1055.0	455.0	5728.0	429.0	429.0	1299.0	708.0	1411.0	587.0	504.0	495.0	1242.0	213.0	7250.0	352.0	367.0	975.0	2145.0	1827.0	3479.0	4399.0	7108.0	6885.0	3597.0	4137.0	345.0	1331.0	1072.0	664.0	1104.0	2653.0	2251.0	1936.0	2351.0	1866.0	3313.0	1861.0	2555.0	3511.0	6253.0	741.0	4883.0	5401.0	666.0	1843.0	1210.0	591.0	2055.0	4273.0	6563.0	632.0	8261.0	7325.0	10080.0	9375.0	8216.0	6848.0	5904.0	7024.0	5437.0	6441.0	7836.0	1158.0	1280.0	833.0	1675.0	4395.0	4111.0	4240.0	2421.0	3069.0	1575.0	5893.0	1709.0	1403.0	3390.0	390.0	4762.0	1518.0	2874.0	3543.0	1884.0	5002.0	5554.0	1069.0	4708.0	3471.0	5855.0	2837.0	2615.0	602.0	916.0	818.0	1449.0	1249.0	1910.0	3738.0	3579.0	353.0	545.0	7807.0	6457.0	2457.0	2039.0	2843.0	3356.0	1436.0	13056.0	10508.0	3805.0	7004.0	4343.0	3500.0	8155.0	7464.0	4627.0	5440.0	5013.0	8557.0	3696.0	2246.0	3468.0	5110.0	4144.0	1218.0	2099.0	888.0	2874.0	3873.0	4773.0	3132.0	4704.0	6664.0	5469.0	2052.0	1146.0	1679.0	1280.0	546.0	4250.0	1074.0	401.0	1585.0	4886.0	10102.0	3172.0	1154.0	10200.0	8936.0	3987.0	2593.0	4687.0	1561.0	1031.0	536.0	1147.0	5347.0	6426.0	4141.0	7656.0	1537.0	933.0	886.0	885.0	4795.0	5536.0	2074.0	2710.0	4361.0	1110.0	855.0	994.0	2343.0	1411.0	1512.0	457.0	308.0	1194.0	1051.0	405.0	1296.0	296.0
GSM2445273	2558.0	4885.0	2200.0	1219.0	4903.0	946.0	730.0	32319.0	7842.0	7503.0	6951.0	31676.0	36775.0	23240.0	18206.0	20231.0	7706.0	6716.0	2372.0	922.0	2305.0	2348.0	3071.0	2589.0	2577.0	1335.0	839.0	1959.0	685.0	9908.0	8675.0	3091.0	4517.0	1469.0	3813.0	1124.0	1305.0	356.0	2039.0	1773.0	1076.0	2387.0	567.0	1608.0	1689.0	1685.0	986.0	516.0	1053.0	1622.0	1255.0	563.0	1177.0	493.0	6332.0	454.0	461.0	1451.0	802.0	1588.0	687.0	519.0	530.0	1360.0	226.0	8029.0	387.0	398.0	1044.0	2342.0	2046.0	3825.0	4815.0	7824.0	7529.0	3934.0	4522.0	375.0	1461.0	1208.0	732.0	1204.0	2946.0	2383.0	2154.0	2411.0	2017.0	3497.0	1980.0	2735.0	3529.0	6421.0	797.0	5326.0	5891.0	752.0	1959.0	1329.0	633.0	2140.0	4436.0	6866.0	682.0	8963.0	8013.0	11034.0	10262.0	9027.0	7435.0	6439.0	7768.0	5907.0	7025.0	8512.0	1249.0	1363.0	874.0	1779.0	4717.0	4415.0	4564.0	2608.0	3289.0	1698.0	6290.0	1825.0	1487.0	3607.0	407.0	5246.0	1663.0	3118.0	3709.0	2092.0	5363.0	6055.0	1185.0	5200.0	3858.0	6399.0	3063.0	2880.0	645.0	974.0	882.0	1569.0	1364.0	2105.0	4107.0	3996.0	369.0	584.0	8198.0	6654.0	2451.0	2086.0	2900.0	3429.0	1455.0	13772.0	11032.0	4091.0	7578.0	4707.0	3872.0	8945.0	8046.0	4987.0	5808.0	5356.0	9389.0	3991.0	2418.0	3742.0	5518.0	4494.0	1366.0	2305.0	959.0	2982.0	4035.0	5017.0	3247.0	4918.0	7148.0	5895.0	2271.0	1187.0	1790.0	1404.0	599.0	4515.0	1123.0	423.0	1688.0	5153.0	10879.0	3277.0	1173.0	10633.0	9310.0	4164.0	2757.0	5020.0	1749.0	1132.0	577.0	1259.0	5849.0	7051.0	4470.0	8004.0	1709.0	1029.0	958.0	979.0	5244.0	6020.0	2279.0	2979.0	4746.0	1253.0	945.0	1105.0	2552.0	1517.0	1630.0	480.0	326.0	1281.0	1133.0	430.0	1398.0	316.0
GSM2445274	1700.0	2965.0	1561.0	909.0	3427.0	765.0	550.0	23038.0	6923.0	7590.0	6376.0	22564.0	23240.0	24543.0	16265.0	13995.0	5010.0	4261.0	1819.0	738.0	1784.0	1712.0	2231.0	1892.0	1887.0	1012.0	668.0	1496.0	544.0	6026.0	5545.0	2063.0	3020.0	1060.0	2568.0	839.0	847.0	309.0	1345.0	1382.0	866.0	1651.0	427.0	1125.0	1180.0	1176.0	701.0	391.0	730.0	1133.0	990.0	462.0	890.0	403.0	3894.0	438.0	404.0	1044.0	556.0	1095.0	494.0	439.0	440.0	982.0	220.0	4847.0	338.0	380.0	701.0	1621.0	1408.0	2525.0	3243.0	5019.0	4895.0	2586.0	3032.0	361.0	1006.0	891.0	602.0	944.0	1967.0	1568.0	1331.0	1432.0	1285.0	2112.0	1275.0	1739.0	2571.0	4579.0	650.0	3611.0	4032.0	543.0	1291.0	982.0	506.0	1656.0	3190.0	4751.0	554.0	5487.0	4773.0	6407.0	6208.0	5500.0	4783.0	3984.0	4500.0	3736.0	4570.0	5423.0	882.0	1000.0	650.0	1274.0	3271.0	3050.0	3165.0	1789.0	2197.0	1184.0	4854.0	1268.0	1097.0	2543.0	358.0	3452.0	1240.0	2034.0	2656.0	1324.0	3706.0	4113.0	909.0	3586.0	2700.0	4316.0	2184.0	2027.0	530.0	753.0	675.0	1065.0	995.0	1490.0	2743.0	2754.0	317.0	513.0	5566.0	4681.0	1839.0	1623.0	2134.0	2597.0	1155.0	9285.0	7593.0	2813.0	4809.0	3135.0	2680.0	5615.0	5095.0	3263.0	3978.0	3719.0	5499.0	2672.0	1736.0	2470.0	3628.0	2918.0	990.0	1674.0	797.0	2113.0	2821.0	3383.0	2282.0	3438.0	5103.0	4220.0	1673.0	837.0	1262.0	1104.0	545.0	3116.0	895.0	372.0	1295.0	3414.0	6831.0	2486.0	939.0	7488.0	6605.0	2912.0	2017.0	3512.0	1299.0	928.0	436.0	937.0	3622.0	4511.0	3095.0	5414.0	1299.0	762.0	698.0	754.0	3312.0	3641.0	1559.0	1943.0	2926.0	857.0	679.0	828.0	1717.0	1118.0	1167.0	415.0	312.0	958.0	839.0	371.0	1025.0	296.0
GSM2445275	2111.0	3011.0	1782.0	1550.0	4848.0	1288.0	732.0	23224.0	6545.0	6592.0	5595.0	17439.0	18206.0	16265.0	23413.0	13401.0	6695.0	6001.0	2152.0	824.0	2084.0	2176.0	3401.0	2919.0	2876.0	1567.0	887.0	2038.0	591.0	7547.0	7191.0	2975.0	3950.0	1402.0	3201.0	1311.0	1112.0	340.0	1366.0	1815.0	800.0	1705.0	381.0	1273.0	2245.0	2275.0	1073.0	473.0	1119.0	1612.0	1685.0	493.0	1152.0	501.0	5472.0	487.0	431.0	1130.0	652.0	1233.0	566.0	481.0	518.0	1156.0	202.0	6587.0	314.0	357.0	1049.0	2472.0	2213.0	3821.0	4491.0	6925.0	6645.0	3950.0	4118.0	351.0	1239.0	1300.0	683.0	908.0	2614.0	2021.0	2118.0	1352.0	1139.0	1910.0	1209.0	1778.0	2533.0	4965.0	792.0	5245.0	5656.0	892.0	1418.0	1224.0	630.0	2025.0	3255.0	4181.0	836.0	7157.0	6480.0	8195.0	7883.0	7231.0	6342.0	5446.0	6191.0	5227.0	5955.0	7090.0	918.0	1152.0	733.0	1459.0	4264.0	4032.0	4023.0	1968.0	2401.0	1288.0	5557.0	1432.0	1166.0	2896.0	328.0	5074.0	1454.0	2836.0	2680.0	1727.0	4010.0	5839.0	1396.0	5249.0	4251.0	6134.0	3143.0	3060.0	632.0	865.0	815.0	1319.0	1198.0	2024.0	4120.0	3813.0	312.0	513.0	5423.0	4390.0	1613.0	1480.0	1916.0	2324.0	1003.0	10247.0	8896.0	4003.0	5916.0	4168.0	4299.0	6983.0	6240.0	4298.0	4082.0	4084.0	7039.0	3475.0	2155.0	2998.0	4885.0	3644.0	1631.0	2721.0	1009.0	1845.0	2524.0	3160.0	2070.0	3019.0	6521.0	5076.0	2894.0	895.0	1459.0	1527.0	627.0	4101.0	837.0	351.0	1415.0	3747.0	8002.0	2598.0	857.0	8897.0	8108.0	2741.0	2924.0	4831.0	2048.0	1576.0	501.0	927.0	4985.0	6314.0	3377.0	4844.0	2161.0	1277.0	981.0	1101.0	4921.0	5332.0	2398.0	3022.0	4538.0	1308.0	1091.0	988.0	2384.0	1252.0	1335.0	420.0	297.0	1092.0	1024.0	376.0	1292.0	285.0
GSM1306337	7696.0	13005.0	5205.0	4796.0	16433.0	3661.0	1815.0	35163.0	7225.0	4935.0	5506.0	19441.0	20231.0	13995.0	13401.0	106869.0	21820.0	20629.0	5666.0	2084.0	5524.0	5889.0	9860.0	8298.0	8328.0	3960.0	2060.0	5239.0	1569.0	26047.0	23817.0	9741.0	13530.0	4177.0	11098.0	3981.0	3196.0	814.0	5415.0	5673.0	1849.0	5366.0	1059.0	3899.0	7333.0	7423.0	2955.0	1264.0	2818.0	4674.0	5352.0	1396.0	3405.0	1427.0	18551.0	1285.0	1193.0	3489.0	1900.0	3824.0	1672.0	1292.0	1360.0	3755.0	582.0	22710.0	893.0	889.0	3008.0	7347.0	6840.0	12559.0	14796.0	23634.0	22135.0	12929.0	13083.0	957.0	3593.0	3726.0	1798.0	2981.0	7806.0	7000.0	6574.0	9221.0	6402.0	11792.0	6456.0	8801.0	8231.0	17003.0	2541.0	17352.0	19357.0	2466.0	5602.0	3323.0	1613.0	6708.0	13025.0	18985.0	2611.0	28194.0	24824.0	32691.0	30154.0	25761.0	21532.0	20846.0	24249.0	19609.0	22447.0	24525.0	2636.0	3036.0	1921.0	4071.0	13642.0	12698.0	12625.0	5429.0	7122.0	3838.0	8186.0	4196.0	3306.0	9017.0	924.0	17028.0	4096.0	8476.0	8134.0	4765.0	12162.0	20128.0	4084.0	17667.0	13877.0	20490.0	10179.0	9509.0	1751.0	2510.0	2220.0	4002.0	3321.0	5915.0	13726.0	11936.0	888.0	1521.0	24198.0	18973.0	6531.0	5909.0	8012.0	8733.0	3589.0	38735.0	32359.0	13278.0	19060.0	13213.0	15213.0	23398.0	21972.0	13776.0	12784.0	13025.0	24651.0	10773.0	6185.0	8980.0	16236.0	11116.0	4579.0	8286.0	2705.0	8223.0	11189.0	14412.0	9243.0	13575.0	18533.0	12812.0	8895.0	2549.0	3485.0	4578.0	1625.0	11405.0	2915.0	1057.0	4143.0	10852.0	27659.0	5952.0	3666.0	30160.0	27279.0	11753.0	9402.0	15951.0	5899.0	4612.0	1440.0	3141.0	16217.0	21445.0	9090.0	22539.0	6885.0	4211.0	2366.0	2723.0	16299.0	19013.0	7146.0	9660.0	15908.0	3702.0	3125.0	2911.0	7245.0	3658.0	3924.0	1201.0	813.0	3225.0	3104.0	1090.0	3946.0	658.0
GSM2310056	5785.0	7249.0	4326.0	5355.0	18923.0	3831.0	2244.0	20979.0	3301.0	1572.0	2057.0	7087.0	7706.0	5010.0	6695.0	21820.0	79604.0	60413.0	19891.0	8293.0	19510.0	21876.0	17731.0	14673.0	14716.0	7223.0	4864.0	11571.0	1210.0	22427.0	23444.0	9900.0	13886.0	3948.0	10644.0	4106.0	2633.0	639.0	4364.0	4923.0	1642.0	4118.0	761.0	3316.0	7761.0	7730.0	2599.0	1035.0	2638.0	4297.0	5417.0	1096.0	3072.0	1261.0	16869.0	1008.0	925.0	2867.0	1546.0	3157.0	1368.0	1048.0	1212.0	3560.0	373.0	20470.0	631.0	631.0	2652.0	7161.0	7025.0	13099.0	14158.0	25735.0	22756.0	13427.0	12009.0	530.0	2929.0	3251.0	1386.0	2146.0	7351.0	6976.0	6768.0	1953.0	2430.0	4090.0	3338.0	5008.0	4029.0	9728.0	3277.0	19218.0	21277.0	2210.0	3430.0	2768.0	1402.0	4460.0	6059.0	7059.0	2699.0	24614.0	21311.0	29454.0	27230.0	24799.0	20028.0	16987.0	20781.0	16371.0	18790.0	24072.0	2180.0	2680.0	1656.0	3576.0	13637.0	12687.0	12089.0	4553.0	5781.0	3036.0	4458.0	3367.0	2629.0	7631.0	711.0	17089.0	3293.0	7319.0	6148.0	3926.0	9901.0	21304.0	3782.0	19111.0	15257.0	23043.0	10661.0	9699.0	1228.0	1744.0	1896.0	3067.0	2708.0	5259.0	13709.0	10963.0	549.0	1642.0	10544.0	7508.0	2061.0	2366.0	3082.0	3371.0	943.0	33899.0	29883.0	24953.0	17462.0	11608.0	18860.0	22603.0	18815.0	11602.0	10421.0	10671.0	21380.0	8995.0	4874.0	7085.0	15964.0	8978.0	4472.0	8524.0	2140.0	2703.0	4228.0	5750.0	3259.0	5029.0	19452.0	11200.0	8975.0	1584.0	3057.0	4166.0	1240.0	10831.0	1328.0	650.0	3212.0	8641.0	25289.0	5185.0	981.0	27482.0	26028.0	5012.0	19143.0	33050.0	11089.0	5258.0	1165.0	2360.0	14358.0	21736.0	7667.0	8390.0	7305.0	4482.0	3051.0	3615.0	20081.0	23766.0	8071.0	10838.0	19305.0	4154.0	3375.0	2587.0	6508.0	2844.0	3069.0	933.0	583.0	2757.0	2808.0	906.0	3660.0	466.0
GSM2310057	5390.0	6597.0	3835.0	5445.0	18459.0	3902.0	2445.0	19196.0	2788.0	1306.0	1835.0	6162.0	6716.0	4261.0	6001.0	20629.0	60413.0	73699.0	19996.0	8321.0	19629.0	22266.0	17993.0	14930.0	14932.0	7319.0	4935.0	11803.0	1055.0	20586.0	21470.0	9192.0	12733.0	3664.0	9610.0	3797.0	2471.0	584.0	3932.0	4611.0	1359.0	3620.0	643.0	2971.0	7540.0	7554.0	2418.0	944.0	2428.0	3949.0	5313.0	987.0	2801.0	1208.0	15888.0	916.0	837.0	2561.0	1421.0	2827.0	1253.0	947.0	1094.0	3144.0	318.0	19272.0	565.0	582.0	2464.0	6612.0	6578.0	12220.0	13078.0	23661.0	20901.0	12538.0	11004.0	486.0	2663.0	3065.0	1260.0	1875.0	6660.0	6360.0	6373.0	2133.0	2417.0	4154.0	3297.0	4956.0	3610.0	9066.0	2881.0	17794.0	19556.0	2100.0	3194.0	2451.0	1321.0	4272.0	5717.0	6372.0	2616.0	23393.0	20754.0	28631.0	26279.0	23690.0	18966.0	16323.0	20329.0	15935.0	18010.0	22680.0	1941.0	2403.0	1502.0	3255.0	12577.0	11710.0	11092.0	3889.0	4925.0	2701.0	3742.0	2986.0	2317.0	6919.0	612.0	15965.0	2884.0	6931.0	5409.0	3705.0	8771.0	19486.0	3576.0	17574.0	14289.0	20831.0	9701.0	9047.0	1151.0	1629.0	1663.0	2871.0	2410.0	4874.0	12839.0	10089.0	504.0	1469.0	9656.0	6946.0	1872.0	2111.0	2721.0	2968.0	854.0	29257.0	26179.0	25241.0	15550.0	10567.0	17448.0	20503.0	17069.0	10634.0	8792.0	9411.0	19749.0	8177.0	4350.0	6325.0	14598.0	8107.0	4236.0	8134.0	1936.0	2465.0	3834.0	5313.0	2963.0	4556.0	17612.0	10130.0	8683.0	1440.0	2632.0	3851.0	1105.0	9953.0	1115.0	516.0	2719.0	7226.0	22702.0	4223.0	915.0	24503.0	23271.0	4576.0	19417.0	32557.0	11100.0	5279.0	1060.0	2095.0	13371.0	20091.0	6447.0	7514.0	7447.0	4555.0	3188.0	3808.0	19850.0	23884.0	8321.0	11263.0	19382.0	4289.0	3479.0	2250.0	5998.0	2562.0	2782.0	803.0	522.0	2341.0	2516.0	779.0	3262.0	421.0
GSM932921	1417.0	2186.0	1223.0	1779.0	5885.0	1371.0	1624.0	4777.0	1141.0	651.0	751.0	2222.0	2372.0	1819.0	2152.0	5666.0	19891.0	19996.0	22463.0	8946.0	20128.0	17529.0	10191.0	8846.0	8805.0	5011.0	4191.0	8574.0	528.0	5149.0	5092.0	2237.0	3250.0	1083.0	2652.0	903.0	840.0	323.0	1301.0	1219.0	691.0	1255.0	297.0	909.0	1458.0	1488.0	787.0	401.0	781.0	1136.0	1146.0	408.0	863.0	403.0	3943.0	487.0	427.0	993.0	556.0	1039.0	441.0	403.0	401.0	1084.0	236.0	4791.0	311.0	400.0	685.0	1719.0	1514.0	2701.0	3341.0	5500.0	5196.0	2732.0	2989.0	315.0	1005.0	886.0	615.0	841.0	2003.0	1671.0	1479.0	535.0	785.0	1259.0	939.0	1327.0	1258.0	2637.0	709.0	3940.0	4208.0	580.0	1054.0	1043.0	409.0	1089.0	1700.0	2353.0	505.0	4868.0	4246.0	5558.0	5394.0	4973.0	4405.0	3574.0	4012.0	3341.0	3927.0	4933.0	668.0	762.0	482.0	985.0	2912.0	2740.0	2720.0	1526.0	1869.0	927.0	1580.0	957.0	768.0	2058.0	362.0	3584.0	1292.0	1887.0	2000.0	1197.0	3028.0	4380.0	1035.0	3997.0	3126.0	4801.0	2336.0	2207.0	499.0	679.0	719.0	1121.0	1065.0	1672.0	3014.0	2776.0	311.0	780.0	3110.0	2332.0	699.0	927.0	1229.0	1230.0	465.0	9214.0	7768.0	12763.0	4051.0	2870.0	2903.0	5018.0	4320.0	2921.0	3045.0	2982.0	4587.0	2394.0	1515.0	2070.0	3352.0	2552.0	1004.0	1758.0	794.0	966.0	1361.0	1812.0	1088.0	1737.0	3966.0	3005.0	1967.0	507.0	853.0	1108.0	527.0	2458.0	486.0	249.0	979.0	2238.0	5037.0	1466.0	406.0	5434.0	5103.0	1682.0	12499.0	17866.0	7339.0	1696.0	422.0	826.0	3688.0	4706.0	2442.0	2650.0	2358.0	1277.0	2029.0	2250.0	6261.0	7745.0	3604.0	4365.0	6041.0	1845.0	1460.0	883.0	1817.0	1038.0	1123.0	389.0	291.0	961.0	825.0	337.0	978.0	294.0
GSM932922	526.0	807.0	457.0	765.0	2259.0	592.0	758.0	1678.0	473.0	298.0	363.0	870.0	922.0	738.0	824.0	2084.0	8293.0	8321.0	8946.0	8570.0	8954.0	8364.0	5075.0	4583.0	4575.0	2986.0	2671.0	4515.0	250.0	1830.0	1789.0	833.0	1195.0	418.0	994.0	355.0	350.0	181.0	521.0	455.0	347.0	462.0	146.0	320.0	466.0	478.0	313.0	194.0	331.0	471.0	406.0	189.0	336.0	162.0	1353.0	249.0	207.0	431.0	256.0	416.0	210.0	182.0	169.0	420.0	122.0	1604.0	173.0	214.0	291.0	640.0	544.0	942.0	1181.0	1923.0	1844.0	960.0	1051.0	165.0	402.0	354.0	270.0	355.0	751.0	653.0	522.0	209.0	362.0	531.0	372.0	499.0	486.0	967.0	301.0	1354.0	1435.0	241.0	416.0	465.0	214.0	396.0	636.0	889.0	247.0	1640.0	1409.0	1897.0	1834.0	1676.0	1518.0	1186.0	1332.0	1112.0	1321.0	1682.0	280.0	312.0	217.0	381.0	1049.0	965.0	975.0	593.0	720.0	353.0	686.0	360.0	297.0	753.0	202.0	1220.0	519.0	692.0	766.0	461.0	1115.0	1509.0	402.0	1352.0	1045.0	1687.0	851.0	778.0	225.0	294.0	313.0	446.0	412.0	579.0	1027.0	961.0	185.0	389.0	1146.0	907.0	300.0	401.0	490.0	492.0	211.0	3363.0	2761.0	5778.0	1457.0	1018.0	987.0	1777.0	1499.0	1017.0	1136.0	1164.0	1565.0	823.0	520.0	737.0	1156.0	916.0	382.0	642.0	289.0	410.0	537.0	726.0	439.0	707.0	1356.0	1058.0	650.0	216.0	342.0	394.0	223.0	882.0	241.0	144.0	392.0	896.0	1779.0	589.0	189.0	1924.0	1828.0	669.0	6199.0	7780.0	4847.0	758.0	197.0	348.0	1254.0	1611.0	928.0	999.0	906.0	512.0	850.0	951.0	2295.0	2891.0	1386.0	1677.0	2225.0	780.0	607.0	339.0	676.0	426.0	448.0	186.0	142.0	398.0	313.0	146.0	359.0	175.0
GSM932923	1370.0	2155.0	1198.0	1747.0	5774.0	1366.0	1625.0	4650.0	1109.0	650.0	726.0	2155.0	2305.0	1784.0	2084.0	5524.0	19510.0	19629.0	20128.0	8954.0	21904.0	17322.0	10000.0	8691.0	8667.0	4978.0	4169.0	8452.0	508.0	4994.0	4954.0	2151.0	3159.0	1063.0	2595.0	873.0	811.0	314.0	1252.0	1199.0	686.0	1239.0	299.0	888.0	1405.0	1416.0	755.0	381.0	750.0	1088.0	1150.0	398.0	845.0	398.0	3810.0	481.0	425.0	963.0	527.0	977.0	428.0	379.0	390.0	1073.0	233.0	4601.0	312.0	391.0	663.0	1688.0	1475.0	2626.0	3268.0	5401.0	5091.0	2698.0	2902.0	310.0	985.0	874.0	601.0	825.0	1989.0	1618.0	1460.0	491.0	772.0	1233.0	907.0	1283.0	1224.0	2533.0	694.0	3800.0	4066.0	564.0	1014.0	1011.0	398.0	1058.0	1648.0	2284.0	488.0	4742.0	4127.0	5360.0	5215.0	4788.0	4299.0	3453.0	3902.0	3234.0	3824.0	4795.0	647.0	752.0	487.0	945.0	2849.0	2661.0	2645.0	1478.0	1840.0	918.0	1505.0	929.0	754.0	2024.0	363.0	3456.0	1231.0	1844.0	1984.0	1159.0	2960.0	4243.0	987.0	3853.0	3008.0	4674.0	2256.0	2120.0	477.0	657.0	680.0	1088.0	1025.0	1624.0	2926.0	2710.0	306.0	776.0	3041.0	2242.0	666.0	928.0	1188.0	1209.0	436.0	8973.0	7533.0	12530.0	3903.0	2782.0	2853.0	4882.0	4152.0	2824.0	2965.0	2917.0	4454.0	2301.0	1461.0	2044.0	3274.0	2472.0	1006.0	1721.0	749.0	931.0	1309.0	1760.0	1041.0	1683.0	3836.0	2950.0	1885.0	497.0	847.0	1083.0	529.0	2381.0	464.0	239.0	949.0	2207.0	4898.0	1418.0	397.0	5309.0	5005.0	1627.0	12337.0	17502.0	7266.0	1674.0	406.0	799.0	3580.0	4602.0	2360.0	2582.0	2290.0	1245.0	2005.0	2215.0	6129.0	7535.0	3534.0	4299.0	5858.0	1824.0	1478.0	863.0	1742.0	1011.0	1094.0	391.0	289.0	944.0	804.0	328.0	961.0	292.0
GSM932924	1471.0	2065.0	1217.0	1798.0	5859.0	1360.0	1419.0	5023.0	1146.0	570.0	693.0	2183.0	2348.0	1712.0	2176.0	5889.0	21876.0	22266.0	17529.0	8364.0	17322.0	25069.0	10291.0	8931.0	8896.0	5172.0	4029.0	8316.0	439.0	5336.0	5189.0	2341.0	3410.0	1081.0	2712.0	963.0	861.0	306.0	1271.0	1286.0	595.0	1213.0	283.0	915.0	1783.0	1774.0	856.0	365.0	808.0	1178.0	1284.0	370.0	895.0	383.0	4177.0	423.0	367.0	897.0	489.0	955.0	418.0	355.0	361.0	1091.0	253.0	4916.0	261.0	322.0	702.0	1843.0	1578.0	2917.0	3479.0	5647.0	5379.0	3033.0	3115.0	250.0	909.0	889.0	523.0	716.0	2054.0	1701.0	1630.0	554.0	986.0	1498.0	1105.0	1636.0	1274.0	2812.0	689.0	4312.0	4710.0	590.0	939.0	1063.0	388.0	1186.0	1713.0	2165.0	576.0	5321.0	4670.0	6007.0	5793.0	5333.0	4788.0	3906.0	4447.0	3784.0	4359.0	5345.0	660.0	798.0	492.0	1018.0	3100.0	2915.0	2882.0	1393.0	1695.0	922.0	1415.0	951.0	779.0	2099.0	298.0	3861.0	1189.0	1961.0	1853.0	1155.0	2872.0	4578.0	1121.0	4414.0	3490.0	4990.0	2471.0	2474.0	431.0	610.0	658.0	1048.0	972.0	1669.0	3189.0	2855.0	250.0	837.0	3020.0	2207.0	607.0	770.0	1040.0	1056.0	361.0	9113.0	7829.0	12442.0	4135.0	2992.0	3354.0	5143.0	4471.0	3030.0	2876.0	2923.0	4800.0	2390.0	1414.0	1989.0	3555.0	2530.0	1124.0	1994.0	735.0	893.0	1278.0	1709.0	1018.0	1602.0	4341.0	3260.0	2332.0	489.0	833.0	1149.0	485.0	2623.0	418.0	210.0	920.0	2245.0	5276.0	1448.0	346.0	5561.0	5278.0	1553.0	11939.0	17015.0	7444.0	1744.0	415.0	765.0	3868.0	4944.0	2245.0	2476.0	2496.0	1391.0	1782.0	1982.0	6064.0	7506.0	3398.0	4245.0	5897.0	1780.0	1416.0	781.0	1924.0	977.0	1064.0	366.0	269.0	852.0	786.0	315.0	972.0	240.0
GSM932925	2925.0	2961.0	2282.0	4014.0	10660.0	3080.0	1900.0	8692.0	1547.0	739.0	775.0	2798.0	3071.0	2231.0	3401.0	9860.0	17731.0	17993.0	10191.0	5075.0	10000.0	10291.0	20771.0	17217.0	17249.0	8487.0	5685.0	13343.0	625.0	9685.0	10157.0	4873.0	5956.0	2080.0	4426.0	2182.0	1187.0	343.0	1276.0	3001.0	711.0	2011.0	358.0	1805.0	4888.0	4881.0	1436.0	515.0	1472.0	2240.0	3432.0	535.0	1722.0	707.0	7627.0	606.0	524.0	1186.0	713.0	1359.0	644.0	501.0	623.0	1575.0	197.0	8649.0	312.0	345.0	1400.0	3687.0	3607.0	6350.0	6895.0	10930.0	10013.0	6647.0	5972.0	291.0	1389.0	2029.0	749.0	919.0	3445.0	2903.0	3567.0	603.0	654.0	958.0	933.0	1685.0	2315.0	5484.0	1215.0	9061.0	9771.0	1344.0	1580.0	1169.0	792.0	2914.0	3335.0	3255.0	1578.0	10834.0	9618.0	11374.0	11082.0	10391.0	9518.0	8349.0	9317.0	8341.0	9083.0	10534.0	998.0	1386.0	854.0	1894.0	6782.0	6504.0	6062.0	2051.0	2564.0	1579.0	1531.0	1777.0	1376.0	3986.0	352.0	8356.0	1594.0	3688.0	2621.0	1788.0	4375.0	9694.0	2404.0	9240.0	8090.0	10273.0	5141.0	5042.0	681.0	896.0	954.0	1409.0	1289.0	2857.0	6928.0	5565.0	260.0	486.0	5063.0	3537.0	988.0	1233.0	1416.0	1649.0	533.0	14531.0	13747.0	15652.0	7762.0	6035.0	8773.0	9940.0	8753.0	6202.0	4418.0	4933.0	9237.0	4792.0	2488.0	3551.0	7910.0	4608.0	2981.0	5175.0	1269.0	1238.0	1906.0	2627.0	1522.0	2351.0	9166.0	5926.0	5760.0	769.0	1471.0	2433.0	724.0	5678.0	625.0	270.0	1451.0	3589.0	9216.0	2187.0	515.0	11244.0	11161.0	2460.0	12069.0	16992.0	7524.0	3510.0	570.0	1018.0	6419.0	9525.0	3589.0	3694.0	5363.0	3251.0	2617.0	3181.0	11295.0	12986.0	5983.0	7663.0	11178.0	3162.0	2631.0	1256.0	3372.0	1303.0	1436.0	434.0	308.0	1360.0	1331.0	420.0	1819.0	259.0
